0.0014186	0.02
0.0110501	0.04
0.0103298	0.06
0.0090142	0.08
0.0097163	0.1
0.0122779	0.12
0.0145209	0.14
0.0130875	0.16
0.0112556	0.18
0.0086948	0.2
0.0086765	0.22
0.0133696	0.24
0.017932	0.26
0.0197425	0.28
0.0165646	0.3
0.0147041	0.32
0.0110495	0.34
0.0083573	0.36
0.0042523	0.38
0.0066819	0.4
0.0133078	0.42
0.0194249	0.44
0.0199366	0.46
0.0066844	0.48
-0.0030954	0.5
-0.0143676	0.52
0.0049926	0.54
0.0130743	0.56
0.0146728	0.58
0.0206511	0.6
0.0265171	0.62
0.0331589	0.64
0.0311817	0.66
0.0175872	0.68
0.0201272	0.7
0.0166099	0.72
0.0167523	0.74
0.0067861	0.76
-0.0025414	0.78
-0.0153095	0.8
-0.0240884	0.82
-0.0257276	0.84
-0.0342896	0.86
-0.0472561	0.88
-0.0501296	0.9
-0.0426853	0.92
-0.0366461	0.94
-0.0276387	0.960000000000001
-0.0239442	0.98
-0.0346128	1
-0.0420148	1.02
-0.0540245	1.04
-0.0651839	1.06
-0.0746135	1.08
-0.0664672	1.1
-0.0610994	1.12
-0.0407507	1.14
-0.0407638	1.16
-0.0064355	1.18
0.0524818	1.2
0.0802734	1.22
0.0615024	1.24
0.0494024	1.26
0.0255326	1.28
0.006036	1.3
-0.0136967	1.32
-0.0314244	1.34
-0.0508933	1.36
-0.0723684	1.38
-0.1014539	1.4
-0.1242573	1.42
-0.1559302	1.44
-0.1477827	1.46
-0.1177516	1.48
-0.0953731	1.5
-0.0909274	1.52
-0.0944614	1.54
-0.0855826	1.56
-0.0919129	1.58
-0.1012216	1.6
-0.1232348	1.62
-0.0334076	1.64
0.1503927	1.66
0.2107082	1.68
0.2028692	1.7
0.2074561	1.72
0.1852164	1.74
0.1759098	1.76
0.1786947	1.78
0.1787172	1.8
0.1840357	1.82
0.1662097	1.84
0.1373092	1.86
0.11089	1.88
0.0796999	1.9
0.0437868	1.92
0.0016925	1.94
-0.0366617	1.96
-0.0800731	1.98
-0.1186717	2
-0.1629881	2.02
-0.1998609	2.04
-0.2459541	2.06
-0.2782984	2.08
-0.3095456	2.1
-0.326298	2.12
-0.3484323	2.14
-0.2877019	2.16
-0.2370023	2.18
0.1221476	2.2
0.2419316	2.22
0.1672571	2.24
0.1902219	2.26
0.1116361	2.28
0.076753	2.3
0.017673	2.32
-0.0115473	2.34
-0.0543279	2.36
-0.091282	2.38
-0.1208984	2.4
-0.1791272	2.42
-0.0587505	2.44
0.2682439	2.46
0.1577969	2.48
0.1762837	2.5
0.1031689	2.52
0.0590237	2.54
-0.0241638	2.56
0.0683487	2.58
0.2019298	2.6
0.1673772	2.62
0.1718449	2.64
0.1510698	2.66
0.1255685	2.68
0.1020864	2.7
0.0765982	2.72
0.0532955	2.74
0.0276077	2.76
0.0044758	2.78
-0.0191574	2.8
0.0096413	2.82
0.0441028	2.84
0.0854477	2.86
0.0969668	2.88
0.0730331	2.9
0.0611187	2.92
0.034058	2.94
0.0110624	2.96
-0.0188799	2.98
-0.0427922	3
-0.0685793	3.02
0.0098645	3.04
0.0379573	3.06
0.0040684	3.08
-0.0011031	3.1
-0.0351067	3.12
-0.0575933	3.14
-0.0900616	3.16
-0.115184	3.18
-0.1389618	3.2
-0.022325	3.22
-0.024545	3.24
-0.0696112	3.26
-0.0702671	3.28
-0.134361	3.3
-0.1379336	3.32
-0.2080005	3.34
0.0948973	3.36
0.1333285	3.38
0.0705179	3.4
0.0557209	3.42
-0.0073197	3.44
-0.0688036	3.46
0.1087756	3.48
0.1517808	3.5
0.1091914	3.52
0.1185132	3.54
0.0777257	3.56
0.0570298	3.58
0.0218987	3.6
0.0128045	3.62
0.068699	3.64
0.0330526	3.66
0.0343524	3.68
0.0111501	3.7
-0.0017653	3.72
-0.030523	3.74
-0.0497618	3.76
-0.061965	3.78
-0.0226738	3.8
0.0032715	3.82
0.0249704	3.84
-0.0078499	3.86
-0.0214908	3.88
-0.0579101	3.9
-0.0841822	3.92
-0.1229706	3.94
-0.1507465	3.96
-0.1770955	3.98
-0.0429767	4
-0.0029593	4.02
-0.0264298	4.04
-0.0298436	4.06
0.0055803	4.08
0.0149472	4.1
-0.0145717	4.12
-0.0210255	4.14
-0.0508904	4.16
-0.0657517	4.18
-0.0976215	4.2
-0.1150107	4.22
-0.1475293	4.24
-0.1661558	4.26
-0.1982942	4.28
-0.189268	4.3
-0.2022858	4.32
-0.180359	4.34
-0.1275042	4.36
0.1230477	4.37999999999999
0.0552242	4.39999999999999
0.0391196	4.41999999999999
0.0317615	4.43999999999999
0.1140033	4.45999999999999
0.1693471	4.47999999999999
0.2512468	4.49999999999999
0.2065215	4.51999999999999
0.1870829	4.53999999999999
0.134309	4.55999999999999
0.0979095	4.57999999999999
0.0331743	4.59999999999999
-0.0157076	4.61999999999999
-0.0832237	4.63999999999999
-0.1345381	4.65999999999999
-0.1853855	4.67999999999999
0.0058666	4.69999999999999
0.0172238	4.71999999999999
-0.0290433	4.73999999999999
-0.0455927	4.75999999999999
-0.1002453	4.77999999999999
-0.14522	4.79999999999999
-0.1889181	4.81999999999999
-0.2503962	4.83999999999999
-0.1718404	4.85999999999998
0.1407442	4.87999999999998
0.1018689	4.89999999999998
0.1110773	4.91999999999998
0.0924639	4.93999999999998
0.0477819	4.95999999999998
0.1274552	4.97999999999998
0.2152796	4.99999999999998
0.1649066	5.01999999999998
0.1725336	5.03999999999998
0.1331706	5.05999999999998
0.1133375	5.07999999999998
0.0788465	5.09999999999998
0.0520313	5.11999999999998
0.0554507	5.13999999999998
0.1223659	5.15999999999998
0.1233243	5.17999999999998
0.1181183	5.19999999999998
0.1167491	5.21999999999998
0.0731271	5.23999999999998
0.0556337	5.25999999999998
-0.0065174	5.27999999999998
0.0819664	5.29999999999998
0.1666726	5.31999999999997
0.087602	5.33999999999997
0.0980259	5.35999999999997
0.040429	5.37999999999997
0.0149405	5.39999999999997
-0.0325633	5.41999999999997
-0.0660783	5.43999999999997
-0.089292	5.45999999999997
-0.0481268	5.47999999999997
-0.0201584	5.49999999999997
0.0027219	5.51999999999997
-0.029795	5.53999999999997
-0.0453539	5.55999999999997
-0.0800612	5.57999999999997
-0.1053494	5.59999999999997
-0.1378766	5.61999999999997
-0.1637692	5.63999999999997
-0.1897959	5.65999999999997
-0.1305778	5.67999999999997
-0.0652509	5.69999999999997
-0.0207539	5.71999999999997
-0.0319785	5.73999999999997
-0.0380031	5.75999999999997
-0.0505356	5.77999999999997
-0.0239733	5.79999999999996
0.0085675	5.81999999999996
0.0171801	5.83999999999996
0.0114919	5.85999999999996
0.0233302	5.87999999999996
0.0252546	5.89999999999996
0.0160326	5.91999999999996
0.0069866	5.93999999999996
-0.015022	5.95999999999996
-0.0386925	5.97999999999996
-0.0590481	5.99999999999996
-0.0260428	6.01999999999996
0.0041479	6.03999999999996
0.0436364	6.05999999999996
0.013539	6.07999999999996
-0.009696	6.09999999999996
-0.0234935	6.11999999999996
0.0131637	6.13999999999996
0.0051478	6.15999999999996
-0.0081281	6.17999999999996
-0.0213961	6.19999999999996
-0.0387638	6.21999999999996
-0.0520217	6.23999999999996
-0.0160385	6.25999999999995
0.0033085	6.27999999999995
0.0113281	6.29999999999995
-0.0005095	6.31999999999995
-0.0077272	6.33999999999995
-0.0035706	6.35999999999995
0.0096462	6.37999999999995
0.0036887	6.39999999999995
0.0016087	6.41999999999995
-0.0039249	6.43999999999995
-0.0086909	6.45999999999995
0.0057377	6.47999999999995
0.0309648	6.49999999999995
0.0429772	6.51999999999995
0.0249015	6.53999999999995
0.0240387	6.55999999999995
0.0180396	6.57999999999995
0.0131246	6.59999999999995
0.0018545	6.61999999999995
-0.0206957	6.63999999999995
0.0110336	6.65999999999995
0.0093215	6.67999999999995
0.00346	6.69999999999995
0.010847	6.71999999999995
0.0113309	6.73999999999994
0.010095	6.75999999999994
0.0001811	6.77999999999994
-0.0073993	6.79999999999994
-0.0239599	6.81999999999994
-0.0362112	6.83999999999994
-0.0718456	6.85999999999994
-0.079462	6.87999999999994
-0.018784	6.89999999999994
0.0268536	6.91999999999994
0.012679	6.93999999999994
0.0043118	6.95999999999994
-0.0161968	6.97999999999994
-0.004945	6.99999999999994
0.0223176	7.01999999999994
0.0475719	7.03999999999994
0.0436882	7.05999999999994
0.0220074	7.07999999999994
0.0044281	7.09999999999994
-0.0161883	7.11999999999994
-0.0326219	7.13999999999994
-0.042712	7.15999999999994
-0.0125511	7.17999999999994
0.016342	7.19999999999993
0.0207639	7.21999999999993
0.0084009	7.23999999999993
0.0209558	7.25999999999993
0.0139551	7.27999999999993
0.00557	7.29999999999993
-0.005383	7.31999999999993
-0.0136638	7.33999999999993
-0.0271113	7.35999999999993
-0.0236261	7.37999999999993
-0.0080597	7.39999999999993
0.0008433	7.41999999999993
-0.0203793	7.43999999999993
-0.0443114	7.45999999999993
-0.0502179	7.47999999999993
-0.0195245	7.49999999999993
-0.0093767	7.51999999999993
0.0022725	7.53999999999993
0.0021467	7.55999999999993
-0.0053195	7.57999999999993
-0.0094555	7.59999999999993
-0.0259563	7.61999999999993
-0.0375329	7.63999999999993
-0.0535579	7.65999999999992
-0.0552086	7.67999999999992
-0.0433286	7.69999999999992
-0.0405511	7.71999999999992
-0.0570498	7.73999999999992
-0.0770969	7.75999999999992
-0.0372567	7.77999999999992
-0.0419051	7.79999999999992
-0.0099712	7.81999999999992
0.0208335	7.83999999999992
0.0253892	7.85999999999992
0.0413164	7.87999999999992
0.0421456	7.89999999999992
0.0479988	7.91999999999992
0.0441687	7.93999999999992
0.0466894	7.95999999999992
0.0057822	7.97999999999992
-0.0181069	7.99999999999992
0.0212129	8.01999999999992
0.0501659	8.03999999999992
0.0540356	8.05999999999992
0.0368783	8.07999999999992
0.0413419	8.09999999999992
0.0313648	8.11999999999992
0.0322693	8.13999999999992
0.0270412	8.15999999999992
0.0270673	8.17999999999991
0.0274628	8.19999999999991
0.0352073	8.21999999999991
0.0315022	8.23999999999991
0.022083	8.25999999999991
0.0079708	8.27999999999991
-0.0088827	8.29999999999991
-0.028638	8.31999999999991
-0.031639	8.33999999999991
-0.0364843	8.35999999999991
-0.0347885	8.37999999999991
-0.0365365	8.39999999999991
-0.0292234	8.41999999999991
-0.0310802	8.43999999999991
-0.0114121	8.45999999999991
-0.0218574	8.47999999999991
-0.0138561	8.49999999999991
-0.0391376	8.51999999999991
0.0878055	8.53999999999991
0.1375149	8.55999999999991
0.1368233	8.57999999999991
0.1380267	8.59999999999991
0.1216064	8.61999999999991
0.1062616	8.6399999999999
0.084582	8.6599999999999
0.066403	8.6799999999999
0.0452534	8.6999999999999
0.0262809	8.7199999999999
0.006089	8.7399999999999
0.0092854	8.7599999999999
0.0185538	8.7799999999999
0.0149904	8.7999999999999
-0.0086167	8.8199999999999
-0.0166139	8.8399999999999
-0.0050693	8.8599999999999
-0.0269538	8.8799999999999
-0.0593757	8.8999999999999
-0.0884218	8.9199999999999
-0.1223465	8.9399999999999
-0.1727933	8.9599999999999
-0.1133263	8.9799999999999
0.1122045	8.9999999999999
0.0373568	9.0199999999999
0.0454112	9.0399999999999
0.0240441	9.0599999999999
0.0979139	9.0799999999999
0.0668535	9.0999999999999
0.0608702	9.11999999999989
0.0683691	9.13999999999989
0.0562826	9.15999999999989
0.0027493	9.17999999999989
-0.0385786	9.19999999999989
-0.1093386	9.21999999999989
-0.170194	9.23999999999989
-0.0965951	9.25999999999989
-0.0416323	9.27999999999989
-0.0680417	9.29999999999989
-0.013511	9.31999999999989
0.0097092	9.33999999999989
0.0530721	9.35999999999989
0.0843554	9.37999999999989
0.117454	9.39999999999989
0.1172693	9.41999999999989
0.0819014	9.43999999999989
0.037597	9.45999999999989
-0.0029615	9.47999999999989
-0.0555678	9.49999999999989
-0.1201263	9.51999999999989
-0.1641689	9.53999999999989
0.0275509	9.55999999999989
-0.0034304	9.57999999999988
0.0056936	9.59999999999988
-0.0020344	9.61999999999988
-0.0148897	9.63999999999988
-0.0547206	9.65999999999988
-0.0813489	9.67999999999988
0.0209465	9.69999999999988
0.0601797	9.71999999999988
0.0172458	9.73999999999988
0.0178396	9.75999999999988
0.0028699	9.77999999999988
-0.0075357	9.79999999999988
-0.0389942	9.81999999999988
-0.0578211	9.83999999999988
-0.0768042	9.85999999999988
-0.0816597	9.87999999999988
-0.06038	9.89999999999988
-0.0310423	9.91999999999988
-0.0023314	9.93999999999988
-0.0065104	9.95999999999988
0.041358	9.97999999999988
0.0459776	9.99999999999988
0.0080194	10.0199999999999
-0.0171227	10.0399999999999
-0.0578395	10.0599999999999
-0.0094856	10.0799999999999
0.0056465	10.0999999999999
-0.0045229	10.1199999999999
0.0125443	10.1399999999999
0.0287136	10.1599999999999
0.0445427	10.1799999999999
0.035855	10.1999999999999
0.0259982	10.2199999999999
0.0113425	10.2399999999999
-0.0209221	10.2599999999999
-0.0529213	10.2799999999999
-0.0870525	10.2999999999999
-0.1166424	10.3199999999999
-0.0747653	10.3399999999999
-0.0241195	10.3599999999999
0.0375719	10.3799999999999
0.0276202	10.3999999999999
0.0221501	10.4199999999999
0.089	10.4399999999999
0.0991944	10.4599999999999
0.0600686	10.4799999999999
0.0342788	10.4999999999999
-0.0078074	10.5199999999999
-0.0264199	10.5399999999999
-0.0517605	10.5599999999999
-0.0368343	10.5799999999999
-0.0082487	10.5999999999999
0.0057364	10.6199999999999
0.0213457	10.6399999999999
0.0323101	10.6599999999999
0.024232	10.6799999999999
0.0383513	10.6999999999999
0.05609	10.7199999999999
0.0736422	10.7399999999999
0.0819097	10.7599999999999
0.0533055	10.7799999999999
0.0346353	10.7999999999999
0.0011693	10.8199999999999
-0.0066432	10.8399999999999
0.003778	10.8599999999999
0.0005141	10.8799999999999
0.0171213	10.8999999999999
0.0417638	10.9199999999999
0.0082017	10.9399999999999
-0.0080983	10.9599999999999
-0.0381842	10.9799999999999
-0.0627241	10.9999999999999
-0.0678004	11.0199999999999
-0.025893	11.0399999999999
0.0058194	11.0599999999999
0.0483721	11.0799999999999
0.0362839	11.0999999999999
0.0247302	11.1199999999999
0.0049054	11.1399999999999
-0.0128818	11.1599999999999
-0.0386591	11.1799999999999
-0.0245711	11.1999999999999
0.023127	11.2199999999999
0.0435931	11.2399999999999
0.0692509	11.2599999999998
0.0673947	11.2799999999998
0.0601452	11.2999999999998
0.0523212	11.3199999999998
0.0415923	11.3399999999998
0.031517	11.3599999999998
0.0271653	11.3799999999998
0.0551813	11.3999999999998
0.0640322	11.4199999999998
0.0925754	11.4399999999998
0.112923	11.4599999999998
0.0898263	11.4799999999998
0.0785518	11.4999999999998
0.0593063	11.5199999999998
0.0482484	11.5399999999998
0.0339317	11.5599999999998
0.0202535	11.5799999999998
-0.0020457	11.5999999999998
-0.0215569	11.6199999999998
-0.0440862	11.6399999999998
-0.0625297	11.6599999999998
-0.0782151	11.6799999999998
-0.0951466	11.6999999999998
-0.10873	11.7199999999998
-0.1152327	11.7399999999998
-0.1210907	11.7599999999998
-0.1271363	11.7799999999998
-0.1360083	11.7999999999998
-0.1625555	11.8199999999998
-0.1832328	11.8399999999998
-0.2077628	11.8599999999998
-0.1260784	11.8799999999998
-0.0450645	11.8999999999998
0.0143065	11.9199999999998
0.0678733	11.9399999999998
0.0566351	11.9599999999998
0.0706185	11.9799999999998
0.1003073	11.9999999999998
0.1270973	12.0199999999998
0.1202442	12.0399999999998
0.1070207	12.0599999999998
0.0938192	12.0799999999998
0.0758138	12.0999999999998
0.0825352	12.1199999999998
0.0867178	12.1399999999998
0.0877116	12.1599999999998
0.0879869	12.1799999999998
0.0890192	12.1999999999998
0.0885294	12.2199999999998
0.0901976	12.2399999999998
0.0547756	12.2599999999998
-0.0053172	12.2799999999998
-0.0219015	12.2999999999998
-0.0249416	12.3199999999998
-0.059097	12.3399999999998
-0.0319936	12.3599999999998
-0.024084	12.3799999999998
-0.0494494	12.3999999999998
-0.0600397	12.4199999999998
-0.0535262	12.4399999999998
-0.036227	12.4599999999998
-0.0200945	12.4799999999998
-0.0203413	12.4999999999998
-0.0501366	12.5199999999998
-0.0349839	12.5399999999998
-0.029342	12.5599999999998
-0.0441016	12.5799999999998
-0.0243295	12.5999999999998
-0.0089382	12.6199999999998
-0.0078374	12.6399999999998
0.015097	12.6599999999998
0.0078617	12.6799999999998
0.0019513	12.6999999999998
-0.0076541	12.7199999999998
-0.0045261	12.7399999999998
0.0148102	12.7599999999998
0.0321963	12.7799999999998
0.0245381	12.7999999999998
0.0028836	12.8199999999998
-0.0185101	12.8399999999998
-0.0434553	12.8599999999998
-0.0447591	12.8799999999998
-0.0521865	12.8999999999998
-0.0475025	12.9199999999998
-0.0488937	12.9399999999998
-0.0196932	12.9599999999998
-0.022658	12.9799999999998
-0.0279126	12.9999999999998
-0.0401201	13.0199999999998
-0.0514378	13.0399999999998
-0.0588501	13.0599999999998
-0.0599347	13.0799999999998
-0.0837857	13.0999999999998
-0.0812296	13.1199999999998
-0.096742	13.1399999999998
-0.0351872	13.1599999999998
-0.0045951	13.1799999999998
0.0125689	13.1999999999998
0.0354196	13.2199999999998
0.0434076	13.2399999999998
0.0423956	13.2599999999998
0.0280433	13.2799999999998
0.0275521	13.2999999999998
-0.007547	13.3199999999998
-0.043664	13.3399999999998
0.023505	13.3599999999998
0.0394207	13.3799999999998
0.0085041	13.3999999999998
-0.0141327	13.4199999999998
-0.0453719	13.4399999999998
-0.0027821	13.4599999999998
0.0710507	13.4799999999998
0.0812069	13.4999999999998
0.0255514	13.5199999999998
0.0137157	13.5399999999998
-0.0080149	13.5599999999998
0.0117743	13.5799999999998
0.0255642	13.5999999999998
0.033993	13.6199999999998
0.0274018	13.6399999999998
0.0306926	13.6599999999998
0.0204341	13.6799999999998
0.0068312	13.6999999999998
0.0039197	13.7199999999998
-0.0107417	13.7399999999998
-0.0302198	13.7599999999998
-0.0351139	13.7799999999998
-0.0975379	13.7999999999998
-0.09154	13.8199999999998
-0.0182528	13.8399999999998
0.0369374	13.8599999999998
0.101398	13.8799999999998
0.0823079	13.8999999999998
0.0759132	13.9199999999998
0.0549885	13.9399999999998
0.0335997	13.9599999999998
0.0130869	13.9799999999998
-0.0031988	13.9999999999998
-0.0151351	14.0199999999998
-0.0517625	14.0399999999998
0.0022671	14.0599999999998
0.0499086	14.0799999999998
0.0365221	14.0999999999998
0.0705021	14.1199999999998
0.0526018	14.1399999999998
0.0378744	14.1599999999998
-0.0090049	14.1799999999998
-0.0644436	14.1999999999998
-0.0857281	14.2199999999998
-0.130083	14.2399999999998
-0.1415843	14.2599999999998
-0.1216679	14.2799999999998
-0.0765802	14.2999999999998
-0.0229148	14.3199999999998
0.0090054	14.3399999999998
0.0231574	14.3599999999998
-0.0075876	14.3799999999998
-0.0184768	14.3999999999998
-0.0555173	14.4199999999998
-0.0407256	14.4399999999998
-0.0045864	14.4599999999998
0.0083983	14.4799999999998
0.0188706	14.4999999999998
0.0020626	14.5199999999998
-0.000642	14.5399999999998
0.0118854	14.5599999999998
0.021405	14.5799999999998
0.0308563	14.5999999999998
0.0521593	14.6199999999998
0.0740991	14.6399999999998
0.0589969	14.6599999999998
0.0271534	14.6799999999998
0.0181863	14.6999999999998
-0.0040986	14.7199999999998
-0.0100217	14.7399999999998
-0.0139649	14.7599999999998
-0.0225478	14.7799999999998
-0.0446088	14.7999999999998
-0.0092815	14.8199999999998
0.055888	14.8399999999998
0.0566239	14.8599999999998
0.024829	14.8799999999998
0.008212	14.8999999999998
-0.0255011	14.9199999999998
-0.0418038	14.9399999999998
-0.0185804	14.9599999999998
0.0027611	14.9799999999998
0.024784	14.9999999999998
0.0014868	15.0199999999998
-0.0251817	15.0399999999998
-0.0491681	15.0599999999998
-0.0798391	15.0799999999998
-0.0633783	15.0999999999998
-0.0337107	15.1199999999998
0.001413	15.1399999999998
0.0198384	15.1599999999998
0.0251656	15.1799999999998
0.0215892	15.1999999999998
0.011209	15.2199999999998
-0.005086	15.2399999999998
-0.0245693	15.2599999999998
0.0034622	15.2799999999998
0.0220509	15.2999999999998
0.0480543	15.3199999999998
0.0369655	15.3399999999998
0.0198381	15.3599999999998
0.0018291	15.3799999999998
-0.0173705	15.3999999999998
0.0081188	15.4199999999998
-0.0005443	15.4399999999998
-0.0234513	15.4599999999998
-0.0381017	15.4799999999998
-0.06129	15.4999999999998
-0.0526597	15.5199999999998
-0.0440393	15.5399999999998
-0.0350405	15.5599999999998
-0.0515202	15.5799999999998
-0.0666117	15.5999999999998
-0.0696505	15.6199999999998
-0.01754	15.6399999999998
0.0173408	15.6599999999998
0.0537646	15.6799999999998
0.067673	15.6999999999998
0.0394884	15.7199999999998
0.022669	15.7399999999998
0.0033266	15.7599999999998
-0.0120881	15.7799999999998
0.0130349	15.7999999999998
0.0357489	15.8199999999998
0.0524353	15.8399999999998
0.0342022	15.8599999999998
0.0221962	15.8799999999998
0.0012138	15.8999999999998
-0.0144459	15.9199999999998
-0.0071389	15.9399999999998
0.0064318	15.9599999999997
0.01226	15.9799999999997
0.0328484	15.9999999999997
0.0353162	16.0199999999997
0.0093046	16.0399999999997
-0.0074666	16.0599999999997
-0.0314874	16.0799999999997
-0.0481081	16.0999999999997
-0.0614983	16.1199999999997
-0.0587789	16.1399999999997
-0.0336598	16.1599999999997
0.0074604	16.1799999999997
0.0792773	16.1999999999997
0.0620463	16.2199999999997
0.044658	16.2399999999997
0.0213001	16.2599999999997
-0.0031346	16.2799999999997
-0.0356844	16.2999999999997
-0.0298791	16.3199999999997
-0.0123503	16.3399999999997
-0.0344582	16.3599999999997
-0.0323376	16.3799999999997
-0.0259268	16.3999999999997
-0.0210343	16.4199999999997
-0.0202387	16.4399999999997
-0.0177128	16.4599999999997
-0.0021065	16.4799999999997
0.0147227	16.4999999999997
0.0349382	16.5199999999997
0.0346014	16.5399999999997
0.0147687	16.5599999999997
0.0029019	16.5799999999997
-0.0173074	16.5999999999997
0.0098401	16.6199999999997
0.0260531	16.6399999999997
0.028402	16.6599999999997
0.0395333	16.6799999999997
0.0246322	16.6999999999997
0.021898	16.7199999999997
0.0185652	16.7399999999997
0.0177819	16.7599999999997
0.0038642	16.7799999999997
0.0027519	16.7999999999997
0.0188313	16.8199999999997
0.0125879	16.8399999999997
-0.0088828	16.8599999999997
-0.0349757	16.8799999999997
-0.0708325	16.8999999999997
-0.092833	16.9199999999997
-0.0870027	16.9399999999997
-0.077531	16.9599999999997
-0.05228	16.9799999999997
-0.0189288	16.9999999999997
-0.001506	17.0199999999997
0.0194009	17.0399999999997
0.0153863	17.0599999999997
0.0074331	17.0799999999997
-0.0021509	17.0999999999997
-0.0131075	17.1199999999997
-0.0219479	17.1399999999997
-0.0024142	17.1599999999997
0.0125938	17.1799999999997
0.0334983	17.1999999999997
0.0529584	17.2199999999997
0.0722406	17.2399999999997
0.058999	17.2599999999997
0.0470845	17.2799999999997
0.0313259	17.2999999999997
0.0147401	17.3199999999997
0.0009064	17.3399999999997
0.01839	17.3599999999997
0.0323933	17.3799999999997
0.0474371	17.3999999999997
0.039883	17.4199999999997
0.0352078	17.4399999999997
0.0322052	17.4599999999997
0.0443945	17.4799999999997
0.0500246	17.4999999999997
0.048425	17.5199999999997
0.0427902	17.5399999999997
0.0367739	17.5599999999997
0.0282071	17.5799999999997
0.0262643	17.5999999999997
0.0142076	17.6199999999997
0.0069365	17.6399999999997
-0.0516836	17.6599999999997
-0.0736743	17.6799999999997
-0.0894847	17.6999999999997
-0.0797187	17.7199999999997
-0.0780123	17.7399999999997
-0.0447242	17.7599999999997
-0.0081147	17.7799999999997
-0.0012887	17.7999999999997
0.0128884	17.8199999999997
0.0015468	17.8399999999997
-0.0030287	17.8599999999997
-0.0106339	17.8799999999997
-0.0105918	17.8999999999997
-0.0196896	17.9199999999997
-0.0208658	17.9399999999997
-0.0075525	17.9599999999997
0.0056896	17.9799999999997
0.0073733	17.9999999999997
-0.0071146	18.0199999999997
-0.0107688	18.0399999999997
-0.0149811	18.0599999999997
0.0008863	18.0799999999997
0.0162077	18.0999999999997
0.0190504	18.1199999999997
0.0007303	18.1399999999997
-0.0158127	18.1599999999997
-0.0107369	18.1799999999997
0.0117194	18.1999999999997
0.0307974	18.2199999999997
0.0315246	18.2399999999997
0.0096515	18.2599999999997
0.0059023	18.2799999999997
-0.0004563	18.2999999999997
-0.0019972	18.3199999999997
-0.0051201	18.3399999999997
-0.0058461	18.3599999999997
-0.0099224	18.3799999999997
-0.0136865	18.3999999999997
-0.0180648	18.4199999999997
-0.0222516	18.4399999999997
-0.0266513	18.4599999999997
-0.0307758	18.4799999999997
-0.0352646	18.4999999999997
-0.0393639	18.5199999999997
-0.0483443	18.5399999999997
-0.0400773	18.5599999999997
-0.0242661	18.5799999999997
-0.0116917	18.5999999999997
0.008067	18.6199999999997
0.0126398	18.6399999999997
-0.0055345	18.6599999999997
-0.0027209	18.6799999999997
0.0254634	18.6999999999997
0.0576943	18.7199999999997
0.0642197	18.7399999999997
0.0603028	18.7599999999997
0.0421624	18.7799999999997
0.0069726	18.7999999999997
-0.0277197	18.8199999999997
-0.028211	18.8399999999997
0.0021718	18.8599999999997
0.0061261	18.8799999999997
0.0112086	18.8999999999997
0.022566	18.9199999999997
0.0424703	18.9399999999997
0.0528811	18.9599999999997
0.0226772	18.9799999999997
-0.003048	18.9999999999997
-0.0080487	19.0199999999997
-0.0141243	19.0399999999997
-0.017434	19.0599999999997
-0.0258374	19.0799999999997
-0.0328928	19.0999999999997
-0.0398458	19.1199999999997
-0.0167671	19.1399999999997
0.0138449	19.1599999999997
0.0329533	19.1799999999997
0.0297023	19.1999999999997
0.0292651	19.2199999999997
0.0310121	19.2399999999997
0.0345419	19.2599999999997
0.0249578	19.2799999999997
0.0077928	19.2999999999997
-0.0127118	19.3199999999997
-0.0383242	19.3399999999997
-0.0410069	19.3599999999997
-0.0250268	19.3799999999997
-0.0158807	19.3999999999997
0.0040883	19.4199999999997
0.0156032	19.4399999999997
0.0294852	19.4599999999997
0.0322271	19.4799999999997
0.0113618	19.4999999999997
-0.0096102	19.5199999999997
-0.0341792	19.5399999999997
-0.0587171	19.5599999999997
-0.043258	19.5799999999997
-0.0145947	19.5999999999997
200	19.6199999999997
0.0007125	19.6399999999997
0.013759	19.6599999999997
0.0275041	19.6799999999997
0.0348127	19.6999999999997
0.0363875	19.7199999999997
201	19.7399999999997
0.0404302	19.7599999999997
0.041031	19.7799999999997
0.0497865	19.7999999999997
0.0488972	19.8199999999997
0.0413727	19.8399999999997
